1.000000 0.000000
1.012331 0.000000
1.024661 0.008268
1.024661 0.006933
1.045259 0.015201
1.052192 0.000001
1.057589 0.008267
1.057589 0.006933
1.064523 -0.000001
1.064523 0.006934
1.078187 0.007378
1.085120 0.000001
1.090517 0.002756
1.090517 0.006933
1.092053 0.005067
1.097451 0.003800
1.097451 0.006934
1.098987 0.005533
1.104384 0.004427
1.104384 0.006933
1.111115 0.005813
1.111317 0.004845
1.111317 0.006933
1.118048 0.006000
1.123445 0.004401
1.123445 0.006934
1.124981 0.005391
1.130379 0.004717
1.130379 0.006933
1.131915 0.005584
1.137312 0.004964
1.137312 0.006933
1.138848 0.005734
1.144245 0.005161
1.144245 0.006934
1.145781 0.005854
1.151179 0.005322
1.151179 0.006933
1.152715 0.005952
1.158112 0.005456
1.158112 0.006933
1.159648 0.006034
1.165045 0.005570
1.165045 0.006934
1.166581 0.006103
1.171979 0.005667
1.171979 0.006933
1.173515 0.006162
1.178912 0.005752
1.178912 0.006933
1.180448 0.006214
1.185845 0.005825
1.185845 0.006934
1.187381 0.006259
1.192779 0.005890
1.194315 0.006259
1.200000 -0.004904
1.201248 -0.004659
1.206645 0.004920
1.208181 0.005193
1.213579 0.004920
1.215115 0.005193
1.220512 0.004920
1.222048 0.005193
1.227445 0.004920
1.228981 0.005193
1.234379 0.004920
1.235915 0.005193
1.241312 0.004920
1.242848 0.005193
1.248245 0.004920
1.249781 0.005193
1.255179 0.004920
1.256715 0.005193
1.262112 0.004920
1.263648 0.005193
1.269045 0.004920
1.270581 0.005193
1.275979 0.004920
1.277515 0.005193
1.282912 0.004920
1.284448 0.005193
1.289845 0.004920
1.291381 0.005193
1.296779 0.004920
1.298315 0.005193
1.303712 0.004920
1.305248 0.005193
1.305515 0.000000
1.310645 0.001731
1.312448 0.004920
1.317579 0.004674
1.317845 -0.000123
1.319381 -0.002945
1.326315 0.000000
1.333248 0.000000
1.338645 0.086272
1.340181 0.086272
1.347115 0.000000
1.354048 0.000000
1.360981 0.000000
1.367915 0.000000
1.374848 0.000000
1.381781 0.000000
1.388715 0.000000
1.395648 0.000000
1.400000 -0.000720
1.402581 -0.000720
1.409515 0.000000
1.416448 0.000000
1.423381 0.000000
1.430315 0.000000
1.437248 0.000000
1.437515 0.000000
1.442645 0.002756
1.442645 0.006933
1.449579 -0.000000
1.449579 0.013867
1.449845 0.000195
1.449845 0.013866
1.463243 0.035734
1.470176 0.000000
1.475573 0.004235
1.477109 -0.000529
1.482507 -0.000546
1.484043 0.003388
1.489440 0.000446
1.489440 0.006934
1.490976 -0.001591
1.496373 -0.000459
1.496373 0.006933
1.497909 0.015402
1.503307 0.000570
1.503307 0.006933
1.503307 0.006933
1.503307 0.006934
1.504843 0.000890
1.510240 0.012901
1.510240 0.006933
1.511776 0.011708
1.517173 0.058539
1.518709 -0.001105
1.525643 0.000000
1.531040 0.010321
1.532576 0.000905
1.537973 0.000890
1.539509 0.000905
1.544907 0.017202
1.544907 0.006933
1.546443 -0.001220
1.551840 -0.001246
1.551840 0.006934
1.553376 -0.001393
1.560309 0.000000
1.565707 0.014634
1.565707 0.006933
1.567243 0.016368
1.572640 0.013095
1.572640 0.006933
1.574176 0.001207
1.579573 0.001187
1.579573 0.006934
1.581109 0.001301
1.586507 0.015868
1.586507 0.006933
1.588043 0.014379
1.593440 0.012325
1.593440 0.006933
1.594976 -0.002026
1.600373 -0.001759
1.600373 0.006934
1.601909 -0.001889
1.607307 0.014305
1.608843 0.001642
1.614240 0.001590
1.615776 0.001615
1.621173 0.014306
1.622709 0.016690
1.628107 0.012517
1.629643 0.014306
1.635040 0.011127
1.636576 -0.002329
1.641973 -0.002442
1.643509 -0.002384
1.648907 0.011126
1.650443 0.012517
1.655840 0.011127
1.657376 0.012517
1.662773 0.011127
1.664309 0.012517
1.669707 0.011126
1.671243 0.012517
1.676640 0.011127
1.678176 0.001541
1.683573 0.001517
1.685109 0.001541
1.690507 0.009103
1.692043 0.010014
1.697440 0.008345
1.698976 0.009103
1.704373 0.007703
1.705909 0.005007
1.711307 0.004552
1.712843 0.004769
1.718240 0.100139
1.719776 -0.001697
1.725173 -0.001727
1.726709 -0.001727
1.732107 0.010014
1.733643 0.001590
1.739040 0.001565
1.740576 0.001565
1.745973 0.006259
1.747509 0.006259
1.752907 0.005563
1.754443 0.005563
1.759840 0.005270
1.761376 -0.002945
1.766773 -0.001926
1.768309 -0.001926
1.773707 0.008345
1.775243 0.008345
1.780640 0.100139
1.782176 0.100138
1.789109 0.000000
1.796043 0.000000
1.802976 -0.000000
1.809909 0.000000
1.816843 0.000000
1.823776 0.000000
1.830709 -0.000000
1.837643 -0.000001
1.843040 0.044673
1.843040 0.006933
1.844576 -0.000922
1.849973 -0.000938
1.851509 -0.000938
1.858443 0.000000
1.865376 0.000000
1.872309 0.000000
1.879243 -0.000001
1.886176 0.000000
1.891573 -0.000339
1.891573 0.006933
1.893109 -0.000468
1.900043 0.000000
1.905440 0.000282
1.905440 0.006934
1.906976 0.000398
1.912373 0.011936
1.913909 0.023872
1.919307 0.011935
1.919307 0.006934
1.920843 -0.010269
1.926240 -0.015403
1.927776 -0.015402
1.933173 0.030805
1.933173 0.006934
1.933173 0.006933
1.934709 -0.000770
1.940107 -0.000784
1.941643 -0.000784
1.947040 0.044673
1.947040 0.006933
1.947040 0.006933
1.948576 0.000848
1.953973 0.000836
1.955509 0.000848
1.960907 0.019513
1.962443 0.029269
1.967840 0.019513
1.969376 0.029269
1.974773 0.019513
1.976309 -0.058539
1.981707 0.000000
1.981707 0.006933
1.983243 0.065472
1.988640 0.021824
1.988640 0.006933
1.990176 0.036203
1.995573 0.024135
1.997109 0.024135
2.002507 0.018101
2.002507 0.006933
2.004043 -0.001497
2.009440 -0.001526
2.010976 -0.001497
2.016373 0.026446
2.017909 0.039669
2.023307 0.026446
2.023307 0.006933
2.024843 0.028757
2.030240 0.021568
2.031776 0.001232
2.037173 0.001215
2.038709 0.001232
2.044107 0.021568
2.045643 0.028757
2.051040 0.021568
2.052576 0.028757
2.057973 0.021568
2.059509 0.028757
2.064907 0.021568
2.066443 0.086272
2.071840 0.043137
2.071840 0.006933
2.073376 0.031068
2.078773 0.018641
2.078773 0.006934
2.080309 0.025035
2.085707 0.020028
2.087243 0.020028
2.092640 0.016690
2.094176 0.025035
2.099573 0.016690
2.101109 0.016690
2.106507 0.014305
2.108043 -0.002044
2.113440 -0.002131
2.114976 -0.002086
2.120373 0.025035
2.121909 0.033380
2.127307 0.025034
2.128843 0.033380
2.134240 0.025035
2.135776 0.033379
2.141173 0.025035
2.142709 0.001431
2.148107 0.001391
2.149643 0.001410
2.155040 0.020028
2.156576 0.025034
2.161973 0.020028
2.163509 0.025035
2.168907 0.020028
2.170443 0.025035
2.175840 0.020028
2.177376 0.025035
2.182773 0.020028
2.184309 0.050069
2.189707 0.033379
2.191243 0.033380
2.196640 0.012517
2.198176 0.020028
2.203573 0.016690
2.205109 0.016690
2.210507 0.014305
2.212043 0.016690
2.217440 0.012517
2.218976 0.014305
2.225909 0.000000
2.231307 0.011651
2.232843 -0.002026
2.238240 -0.002071
2.239776 -0.002026
2.245173 0.018641
2.246709 0.023301
2.252107 0.018641
2.253643 0.023301
2.259040 0.018641
2.260576 0.018641
2.265973 0.015534
2.267509 0.001332
2.272907 0.001313
2.274443 0.001332
2.279840 0.015534
2.281376 0.018641
2.286773 0.015534
2.288309 0.018641
2.293707 0.015534
2.295243 0.018641
2.300640 0.015534
2.302176 0.018641
2.307573 0.015534
2.309109 0.023301
2.314507 0.018641
2.316043 0.018641
2.321440 0.009321
2.322976 0.009321
2.328373 0.093205
2.329909 0.093205
2.336843 0.000000
2.343776 0.000000
2.350709 -0.000000
2.357643 0.000000
2.363040 0.008184
2.364576 0.008184
2.369973 0.065472
2.371509 0.065472
2.378443 0.000000
2.385376 -0.000000
2.392309 0.000000
2.397707 0.005584
2.399243 0.005584
2.404640 0.004964
2.406176 0.004964
2.411573 0.044672
2.413109 0.044672
2.420043 0.000000
2.426976 0.000001
2.433909 0.000000
2.440843 -0.000000
2.446240 -0.000332
2.446240 0.006934
2.447776 -0.000412
2.454709 -0.000000
2.460107 0.000249
2.460107 0.006933
2.461643 0.000346
2.468576 0.000000
2.475509 -0.000000
2.480907 -0.005003
2.480907 0.006933
2.482443 -0.016939
2.487840 0.016939
2.487840 0.006934
2.487840 0.006933
2.489376 -0.000581
2.494773 -0.000592
2.496309 -0.000581
2.501707 0.030805
2.501707 0.006933
2.503243 0.000619
2.508640 0.000609
2.510176 0.000619
2.515573 0.037739
2.515573 0.006933
2.517109 0.000000
2.522507 0.044671
2.524043 0.000000
2.529440 0.014891
2.530976 0.022336
2.536373 0.014891
2.537909 0.022336
2.543307 0.014890
2.544843 -0.000876
2.550240 -0.000893
2.551776 -0.000876
2.557173 0.022336
2.558709 0.044672
2.564107 0.022336
2.565643 0.000721
2.571040 0.000709
2.571040 0.006933
2.572576 0.000819
2.577973 0.025803
2.579509 0.051605
2.584907 0.025802
2.586443 -0.051606
2.591840 0.000000
2.591840 0.006933
2.593376 0.000000
2.598773 0.019513
2.600309 0.029270
2.605707 0.019513
2.605707 0.006933
2.607243 0.021824
2.612640 0.016368
2.614176 -0.001336
2.619573 -0.001364
2.621109 -0.001336
2.626507 0.021824
2.628043 0.032736
2.633440 0.021824
2.634976 0.032736
2.640373 0.021824
2.641909 0.001023
2.647307 0.001007
2.647307 0.006934
2.648843 0.001114
2.654240 0.024135
2.655776 0.036202
2.661173 0.024135
2.662709 0.036203
2.668107 0.024135
2.669643 0.000000
2.675040 0.072406
2.675040 0.006933
2.676576 0.079338
2.681973 0.019835
2.683509 0.026446
2.688907 0.019834
2.690443 0.026446
2.695840 0.019835
2.695840 0.006934
2.697376 0.021568
2.702773 0.017254
2.704309 -0.001836
2.709707 -0.001875
2.711243 -0.001836
2.716640 0.021568
2.718176 0.028757
2.723573 0.021568
2.725109 0.028757
2.730507 0.021568
2.732043 0.028757
2.737440 0.021568
2.738976 0.001307
2.744373 0.001288
2.745909 0.001307
2.751307 0.021568
2.752843 0.028757
2.758240 0.021568
2.759776 0.028757
2.765173 0.021568
2.766709 0.028757
2.772107 0.021568
2.773643 0.086272
2.779040 0.043136
2.780576 0.086272
2.785973 0.017254
2.787509 0.021568
2.792907 0.017254
2.794443 0.021568
2.799840 0.017255
2.801376 0.021568
2.806773 0.017254
2.808309 0.021568
2.813707 0.017254
2.813707 0.006934
2.815243 -0.002071
2.820640 -0.002118
2.822176 -0.002071
2.827573 0.023301
2.827573 0.006934
2.829109 0.025035
2.834507 0.020028
2.836043 0.025035
2.841440 0.020028
2.842976 0.025035
2.848373 0.020028
2.849909 0.001495
2.855307 0.001473
2.856843 0.001495
2.862240 0.025035
2.863776 0.033379
2.869173 0.020028
2.870709 0.025035
2.876107 0.020028
2.877643 0.025035
2.883040 0.020028
2.884576 0.100138
2.889973 -0.004333
2.891509 -0.008667
2.896907 -0.001445
2.898443 -0.001733
2.903840 -0.001444
2.905376 -0.001733
2.910773 -0.001444
2.912309 -0.001733
2.917707 -0.001444
2.919243 -0.001733
2.924640 -0.001444
2.926176 -0.001733
2.931573 -0.001445
2.933109 0.000202
2.938507 0.000211
2.940043 0.000206
2.945440 -0.001733
2.946976 -0.002167
2.952373 -0.001733
2.953909 -0.002167
2.959307 -0.001444
2.960843 -0.001733
2.966240 -0.001444
2.967776 -0.001733
2.973173 -0.001444
2.974709 -0.000126
2.980107 -0.000124
2.981643 -0.000124
2.987040 -0.001444
2.988576 -0.001100
2.993973 -0.000943
